Actual Value:
|            x            |       log(x + 1)        |
|:-----------------------:|:-----------------------:|
|           0.0           |           0.0           |
|   0.06346651825433926   |  0.061533872562040084   |
|   0.12693303650867852   |   0.11949981582001634   |
|   0.1903995547630178    |   0.17428901107361786   |
|   0.25386607301735703   |   0.2262316366805523    |
|   0.3173325912716963    |   0.2756089279114544    |
|   0.3807991095260356    |   0.32266239644968314   |
|   0.4442656277803748    |   0.36760097630989313   |
|   0.5077321460347141    |   0.41060663181621465   |
|   0.5711986642890533    |   0.4518388084961739    |
|   0.6346651825433925    |   0.4914380020596334    |
|   0.6981317007977318    |   0.5295286471886179    |
|   0.7615982190520711    |   0.5662214760026107    |
|   0.8250647373064104    |   0.6016154589019839    |
|   0.8885312555607496    |   0.6357994135024398    |
|   0.9519977738150889    |   0.6688533475266689    |
|   1.0154642920694281    |   0.7008495867569795    |
|   1.0789308103237674    |   0.7318537280545273    |
|   1.1423973285781066    |   0.7619254490244318    |
|   1.2058638468324459    |   0.7911191994489997    |
|    1.269330365086785    |   0.8194847946203738    |
|   1.3327968833411243    |   0.8470679268149877    |
|   1.3962634015954636    |    0.873910608098839    |
|   1.4597299198498028    |   0.9000515552381113    |
|   1.5231964381041423    |    0.925526525567485    |
|   1.5866629563584815    |   0.9503686111284948    |
|   1.6501294746128208    |   0.9746084971490615    |
|    1.71359599286716     |   0.9982746899292002    |
|   1.7770625111214993    |    1.021393718377935    |
|   1.8405290293758385    |   1.0439903127747707    |
|   1.9039955476301778    |   1.0660875637761738    |
|    1.967462065884517    |    1.087707064230264    |
|   2.0309285841388562    |   1.1088690359831221    |
|   2.0943951023931957    |   1.1295924435432936    |
|   2.1578616206475347    |   1.1498950962057262    |
|    2.221328138901874    |   1.1697937400132834    |
|    2.284794657156213    |   1.1893041407457166    |
|   2.3482611754105527    |   1.2084411589665407    |
|   2.4117276936648917    |   1.2272188180227925    |
|    2.475194211919231    |   1.2456503657771423    |
|    2.53866073017357     |   1.2637483307530715    |
|   2.6021272484279097    |   1.2815245732891059    |
|   2.6655937666822487    |   1.2989903322252097    |
|    2.729060284936588    |   1.3161562675815845    |
|    2.792526803190927    |   1.3330324996357283    |
|   2.8559933214452666    |   1.3496286447564638    |
|   2.9194598396996057    |   1.3659538483126323    |
|    2.982926357953945    |    1.382016814938435    |
|   3.0463928762082846    |   1.3978258364061846    |
|   3.1098593944626236    |   1.4133888173299118    |
|    3.173325912716963    |   1.4287132988992979    |
|    3.236792430971302    |   1.4438064808223245    |
|   3.3002589492256416    |   1.4586752416364694    |
|   3.3637254674799806    |   1.4733261575318715    |
|    3.42719198573432     |   1.4877655198154018    |
|    3.490658503988659    |   1.5019993511317216    |
|   3.5541250222429985    |   1.5160334205460042    |
|   3.6175915404973376    |   1.5298732575828593    |
|    3.681058058751677    |   1.5435241653069587    |
|    3.744524577006016    |    1.556991232522805    |
|   3.8079910952603555    |   1.5702793451638777    |
|   3.8714576135146945    |   1.5833931969349457    |
|    3.934924131769034    |   1.5963372992655558    |
|    3.998390650023373    |   1.6091159906275099    |
|   4.0618571682777125    |   1.6217334452644914    |
|   4.1253236865320515    |   1.6341936813777849    |
|    4.188790204786391    |   1.6465005688082635    |
|    4.25225672304073     |   1.6586578362513826    |
|   4.3157232412950695    |   1.6706690780388447    |
|   4.3791897595494085    |   1.6825377605177894    |
|    4.442656277803748    |   1.6942672280558413    |
|    4.506122796058087    |    1.705860708698039    |
|    4.569589314312426    |   1.7173213194995878    |
|   4.6330558325667655    |   1.7286520715564735    |
|    4.696522350821105    |    1.739855874754253    |
|    4.759988869075444    |    1.750935542253753    |
|    4.823455387329783    |    1.761893794730982    |
|    4.886921905584122    |   1.7727332643872378    |
|    4.950388423838462    |   1.7834564987441945    |
|    5.013854942092801    |   1.7940659642376662    |
|    5.07732146034714     |    1.804564049622719    |
|    5.14078797860148     |    1.814953069201898    |
|    5.204254496855819    |   1.8252352658874793    |
|    5.267721015110158    |   1.8354128141078858    |
|    5.331187533364497    |   1.8454878225676834    |
|    5.394654051618837    |   1.8554623368699252    |
|    5.458120569873176    |   1.8653383420089977    |
|    5.521587088127515    |   1.8751177647415693    |
|    5.585053606381854    |   1.8848024758427249    |
|    5.648520124636194    |   1.8943942922538934    |
|    5.711986642890533    |   1.9038949791287374    |
|    5.775453161144872    |   1.9133062517827677    |
|    5.838919679399211    |   1.9226297775520673    |
|    5.902386197653551    |   1.9318671775661644    |
|    5.96585271590789     |    1.941020028439766    |
|    6.029319234162229    |   1.9500898638877737    |
|    6.092785752416569    |   1.9590781762677119    |
|    6.156252270670908    |   1.9679864180534543    |
|    6.219718788925247    |   1.9768160032438864    |
|    6.283185307179586    |   1.9855683087099187    |
l = 16:
|    k |         a_k (cos)         |         b_k (sin)         |
|:----:|:-------------------------:|:-------------------------:|
|    0 |        0.6350581715004109 |                         0 |
|    1 |       -0.3225517824701942 |        0.8641192956495636 |
|    2 |      -0.10921544015104732 |      -0.26308760804708753 |
|    3 |     -0.030750268343214406 |       0.23251650680840538 |
|    4 |      -0.05780727694223905 |      -0.14483539921343605 |
|    5 |      0.005474513083131516 |       0.13070881821148866 |
|    6 |     -0.044543407907347114 |      -0.09818399123266097 |
|    7 |      0.016967894632694852 |       0.08958971709362067 |
|    8 |      -0.03923550645973733 |      -0.07297373120023079 |
|    9 |      0.022032244663996926 |       0.06706269468650067 |
|   10 |     -0.036602898524935756 |      -0.05699288473505403 |
|   11 |      0.024693373537881078 |       0.05260234428762899 |
|   12 |     -0.035116453669964576 |       -0.0458012715265981 |
|   13 |       0.02625511749096736 |       0.04235460233846827 |
|   14 |      -0.03420144182634842 |      -0.03739890527935715 |
|   15 |      0.027243003059078202 |       0.03457447490225912 |
|   16 |     -0.033603152617958786 |      -0.03075205062557591 |
l = 32
|    k |         a_k (cos)         |         b_k (sin)         |
|:----:|:-------------------------:|:-------------------------:|
|    0 |        0.6429794141093066 |                         0 |
|    1 |      -0.33762823413399373 |        0.8645005668437259 |
|    2 |      -0.09337216227006251 |       -0.2638487753135632 |
|    3 |      -0.04582462139593936 |        0.2336621685489682 |
|    4 |      -0.04196160583497892 |      -0.14636140376578063 |
|    5 |      -0.00959560222044116 |       0.13262445100980896 |
|    6 |     -0.028693696676451524 |      -0.10048224411403281 |
|    7 |      0.001904238941002969 |       0.09228474343031344 |
|    8 |     -0.023380028859308784 |      -0.07605552942052463 |
|    9 |      0.006977398829486149 |       0.07055056682887877 |
|   10 |     -0.020739812599993575 |      -0.06087363623054558 |
|   11 |       0.00964986734728434 |       0.05690081838794933 |
|   12 |      -0.01924376037475202 |      -0.05050080980052588 |
|   13 |      0.011225719384188738 |       0.04748611095608047 |
|   14 |     -0.018316936565337994 |      -0.04294190769879952 |
|   15 |      0.012230790265113728 |       0.04056661510291405 |
|   16 |      -0.01770436709091986 |      -0.03716857975324191 |
|   17 |      0.012910009405395342 |      0.035241071854870645 |
|   18 |      -0.01727911846881978 |     -0.032597647399235846 |
|   19 |       0.01338987402560788 |      0.030995667651255922 |
|   20 |       -0.0169723236454381 |     -0.028874016691615517 |
|   21 |      0.013741015857418801 |        0.0275158539911039 |
|   22 |     -0.016744040306093978 |     -0.025769209846278576 |
|   23 |      0.014005361837357384 |      0.024598158486845288 |
|   24 |     -0.016569831509218622 |      -0.02312958018613872 |
|   25 |      0.014209058983425121 |      0.022105039122060015 |
|   26 |     -0.016434078230548772 |     -0.020847990794141902 |
|   27 |      0.014369090427072961 |      0.019940109990136443 |
|   28 |     -0.016326426617200417 |     -0.018847433649922307 |
|   29 |      0.014496869730946016 |       0.01803376025663247 |
|   30 |      -0.01623979797141777 |      -0.01707110575308295 |
|   31 |      0.014600292804907787 |      0.016334409384129438 |
|   32 |      -0.01616922324058858 |     -0.015476157685692974 |
Original Function:
|            x            |       y (l = 16)        |
|:-----------------------:|:-----------------------:|
|           0.0           |  0.014096689055173812   |
|   0.06346651825433926   |   0.0428056209376811    |
|   0.12693303650867852   |   0.08568828322051361   |
|   0.1903995547630178    |   0.14084520032364353   |
|   0.25386607301735703   |   0.20430017190457256   |
|   0.3173325912716963    |   0.2707755559514351    |
|   0.3807991095260356    |   0.3347760428660898    |
|   0.4442656277803748    |   0.3917260599309992    |
|   0.5077321460347141    |   0.43888992671552124   |
|   0.5711986642890533    |   0.4758554370890703    |
|   0.6346651825433925    |   0.5044682260440055    |
|   0.6981317007977318    |    0.528239501547126    |
|   0.7615982190520711    |   0.5513794554656761    |
|   0.8250647373064104    |   0.5777001054960125    |
|   0.8885312555607496    |   0.6096612753257771    |
|   0.9519977738150889    |    0.647794306237751    |
|   1.0154642920694281    |   0.6906399266265592    |
|   1.0789308103237674    |    0.735204597248429    |
|   1.1423973285781066    |   0.7778074054998169    |
|   1.2058638468324459    |   0.8150910432741458    |
|    1.269330365086785    |   0.8449307476827155    |
|   1.3327968833411243    |   0.8670043290614426    |
|   1.3962634015954636    |   0.8828768039369373    |
|   1.4597299198498028    |   0.8955811409192148    |
|   1.5231964381041423    |   0.9088089252007282    |
|   1.5866629563584815    |   0.9259269255956153    |
|   1.6501294746128208    |   0.9490809706407172    |
|    1.71359599286716     |   0.9786253048886553    |
|   1.7770625111214993    |    1.013029682589442    |
|   1.8405290293758385    |   1.0492902391800671    |
|   1.9039955476301778    |   1.0837366729342968    |
|    1.967462065884517    |   1.1130225522122625    |
|   2.0309285841388562    |   1.1350356311040444    |
|   2.0943951023931957    |   1.1494844369643706    |
|   2.1578616206475347    |    1.158001498986644    |
|    2.221328138901874    |   1.1637307636361534    |
|    2.284794657156213    |    1.17050379662694     |
|   2.3482611754105527    |   1.1818201687407228    |
|   2.4117276936648917    |    1.199902351685846    |
|    2.475194211919231    |   1.2250792773585468    |
|    2.53866073017357     |   1.2556687692759112    |
|   2.6021272484279097    |   1.2883986009557635    |
|   2.6655937666822487    |   1.3192628246697404    |
|    2.729060284936588    |   1.3445919650629026    |
|    2.792526803190927    |   1.3620544049071068    |
|   2.8559933214452666    |   1.3713190737363092    |
|   2.9194598396996057    |   1.3741944051249055    |
|    2.982926357953945    |   1.3741943977063562    |
|   3.0463928762082846    |   1.3756345433145516    |
|   3.1098593944626236    |    1.38248844447356     |
|    3.173325912716963    |   1.3973056379886353    |
|    3.236792430971302    |    1.420482605938744    |
|   3.3002589492256416    |   1.4500925098562043    |
|   3.3637254674799806    |   1.4823357221902367    |
|    3.42719198573432     |   1.5125092253271948    |
|    3.490658503988659    |    1.536251262943512    |
|   3.5541250222429985    |   1.5507364155690053    |
|   3.6175915404973376    |   1.5554988355030925    |
|    3.681058058751677    |   1.5526496393288352    |
|    3.744524577006016    |    1.546407841940875    |
|   3.8079910952603555    |   1.5420443673928983    |
|   3.8714576135146945    |   1.5444989475075628    |
|    3.934924131769034    |    1.557027128970971    |
|    3.998390650023373    |   1.5802411655906543    |
|   4.0618571682777125    |   1.6118190963364536    |
|   4.1253236865320515    |    1.64699057099137     |
|    4.188790204786391    |   1.6797064412532599    |
|    4.25225672304073     |   1.7042131727914729    |
|   4.3157232412950695    |   1.7166321468790762    |
|   4.3791897595494085    |    1.716122442019088    |
|    4.442656277803748    |   1.7052938798429953    |
|    4.506122796058087    |    1.689717177273921    |
|    4.569589314312426    |   1.6766076191982044    |
|   4.6330558325667655    |   1.6729806976261197    |
|    4.696522350821105    |   1.6837348615555763    |
|    4.759988869075444    |   1.7101640631955117    |
|    4.823455387329783    |   1.7493230736294025    |
|    4.886921905584122    |   1.7944749377468332    |
|    4.950388423838462    |   1.8365853196360706    |
|    5.013854942092801    |   1.8665558168769176    |
|    5.07732146034714     |    1.877675816469813    |
|    5.14078797860148     |   1.8676768691342343    |
|    5.204254496855819    |   1.8398255606083476    |
|    5.267721015110158    |   1.8026863505345703    |
|    5.331187533364497    |   1.7684853730299608    |
|    5.394654051618837    |    1.750342990345819    |
|    5.458120569873176    |   1.7589378925576455    |
|    5.521587088127515    |   1.7993458779752014    |
|    5.585053606381854    |   1.8688131611139112    |
|    5.648520124636194    |   1.9560646446355803    |
|    5.711986642890533    |    2.042440358357753    |
|    5.775453161144872    |    2.10476209623452     |
|    5.838919679399211    |   2.1194428944442425    |
|    5.902386197653551    |   2.0670527126337066    |
|    5.96585271590789     |   1.9364150975759813    |
|    6.029319234162229    |   1.7273679119549672    |
|    6.092785752416569    |   1.4515691323932498    |
|    6.156252270670908    |   1.1311163361301408    |
|    6.219718788925247    |   0.7951938317839792    |
|    6.283185307179586    |   0.4753684977464934    |

|            x            |       y (l = 32)        |
|:-----------------------:|:-----------------------:|
|           0.0           |  0.007493333937008354   |
|   0.06346651825433926   |   0.04500151122786553   |
|   0.12693303650867852   |   0.10787285431690628   |
|   0.1903995547630178    |   0.17936420552925753   |
|   0.25386607301735703   |   0.24031128851500766   |
|   0.3173325912716963    |   0.28332695991627327   |
|   0.3807991095260356    |   0.31663477700720144   |
|   0.4442656277803748    |   0.3545850790109974    |
|   0.5077321460347141    |   0.4038497521033802    |
|   0.5711986642890533    |   0.4578511907162312    |
|   0.6346651825433925    |   0.5039667225511187    |
|   0.6981317007977318    |   0.5360901058988734    |
|   0.7615982190520711    |   0.5604414300275165    |
|   0.8250647373064104    |   0.5893205733968967    |
|   0.8885312555607496    |   0.6291294868993966    |
|   0.9519977738150889    |   0.6743250863899866    |
|   1.0154642920694281    |   0.7130420789160605    |
|   1.0789308103237674    |    0.738786404282793    |
|   1.1423973285781066    |   0.7567989583717871    |
|   1.2058638468324459    |   0.7789514148749327    |
|    1.269330365086785    |   0.8121956022326253    |
|   1.3327968833411243    |   0.8518250621282691    |
|   1.3962634015954636    |   0.8861047286247047    |
|   1.4597299198498028    |   0.9077634217256104    |
|   1.5231964381041423    |   0.9211587751080414    |
|   1.5866629563584815    |   0.9381113702712071    |
|   1.6501294746128208    |   0.9664208880146354    |
|    1.71359599286716     |   1.0022335073875237    |
|   1.7770625111214993    |   1.0337429285478812    |
|   1.8405290293758385    |   1.0527010313842686    |
|   1.9039955476301778    |   1.0625585552327124    |
|    1.967462065884517    |   1.0752414123833467    |
|   2.0309285841388562    |   1.0995892449416744    |
|   2.0943951023931957    |    1.132668294462403    |
|   2.1578616206475347    |   1.1624994865478515    |
|    2.221328138901874    |   1.1796900457963442    |
|    2.284794657156213    |   1.1867081903125247    |
|   2.3482611754105527    |   1.1956764006560319    |
|   2.4117276936648917    |   1.2166548181753745    |
|    2.475194211919231    |   1.2477353740531536    |
|    2.53866073017357     |   1.2766955807713218    |
|   2.6021272484279097    |   1.2928132436313573    |
|   2.6655937666822487    |   1.2974526188621553    |
|    2.729060284936588    |   1.3030028906804507    |
|    2.792526803190927    |   1.3209542434944752    |
|   2.8559933214452666    |   1.3505761781283658    |
|   2.9194598396996057    |   1.3793395091964054    |
|    2.982926357953945    |    1.394959964656529    |
|   3.0463928762082846    |   1.3975194391658117    |
|   3.1098593944626236    |   1.3997410744038754    |
|    3.173325912716963    |   1.4148165500012226    |
|    3.236792430971302    |   1.4434107203800524    |
|   3.3002589492256416    |   1.4726198534255261    |
|   3.3637254674799806    |   1.4882824646399229    |
|    3.42719198573432     |   1.4889371674208942    |
|    3.490658503988659    |   1.4877163679390273    |
|   3.5541250222429985    |   1.4998892223861082    |
|   3.6175915404973376    |   1.5278357120453416    |
|    3.681058058751677    |   1.5581960566865112    |
|    3.744524577006016    |   1.5744810290543665    |
|   3.8079910952603555    |   1.5732940152040011    |
|   3.8714576135146945    |   1.5682695921849776    |
|    3.934924131769034    |   1.5773049838738462    |
|    3.998390650023373    |    1.604984781260713    |
|   4.0618571682777125    |     1.6373885091612     |
|   4.1253236865320515    |    1.655018877554135    |
|    4.188790204786391    |    1.651926032020709    |
|    4.25225672304073     |    1.642367633583468    |
|   4.3157232412950695    |   1.6477259621307556    |
|   4.3791897595494085    |   1.6755869187452084    |
|    4.442656277803748    |   1.7113310633882275    |
|    4.506122796058087    |   1.7313543225431858    |
|    4.569589314312426    |   1.7261054660750308    |
|   4.6330558325667655    |   1.7106235974312332    |
|    4.696522350821105    |    1.71121856991244     |
|    4.759988869075444    |    1.739895597032652    |
|    4.823455387329783    |   1.7811607803517575    |
|    4.886921905584122    |   1.8053583424071238    |
|    4.950388423838462    |   1.7973534769567745    |
|    5.013854942092801    |   1.7731481608682922    |
|    5.07732146034714     |   1.7666924946170053    |
|    5.14078797860148     |   1.7973028899799504    |
|    5.204254496855819    |    1.848465111078013    |
|    5.267721015110158    |   1.8805265792171177    |
|    5.331187533364497    |   1.8683104570620543    |
|    5.394654051618837    |    1.828765403747937    |
|    5.458120569873176    |   1.8095414131912848    |
|    5.521587088127515    |   1.8446815632844542    |
|    5.585053606381854    |   1.9172461509641625    |
|    5.648520124636194    |   1.9675740816620622    |
|    5.711986642890533    |    1.946673984924396    |
|    5.775453161144872    |   1.8696819558211721    |
|    5.838919679399211    |    1.81624014580703     |
|    5.902386197653551    |   1.8657024936506406    |
|    5.96585271590789     |   2.0138921675728825    |
|    6.029319234162229    |    2.14345399671179     |
|    6.092785752416569    |   2.0848392856425417    |
|    6.156252270670908    |   1.7333661931895537    |
|    6.219718788925247    |   1.1372542131119514    |
|    6.283185307179586    |   0.4861710737593464    |
l = 16:
|    k |         a_k (cos)         |         b_k (sin)         |
|:----:|:-------------------------:|:-------------------------:|
|    0 |        0.6350581715004109 |                         0 |
|    1 |       -0.3225517824701942 |        0.8641192956495636 |
|    2 |      -0.10921544015104732 |      -0.26308760804708753 |
|    3 |     -0.030750268343214406 |       0.23251650680840538 |
|    4 |      -0.05780727694223905 |      -0.14483539921343605 |
|    5 |      0.005474513083131516 |       0.13070881821148866 |
|    6 |     -0.044543407907347114 |      -0.09818399123266097 |
|    7 |      0.016967894632694852 |       0.08958971709362067 |
|    8 |      -0.03923550645973733 |      -0.07297373120023079 |
|    9 |      0.022032244663996926 |       0.06706269468650067 |
|   10 |     -0.036602898524935756 |      -0.05699288473505403 |
|   11 |      0.024693373537881078 |       0.05260234428762899 |
|   12 |     -0.035116453669964576 |       -0.0458012715265981 |
|   13 |       0.02625511749096736 |       0.04235460233846827 |
|   14 |      -0.03420144182634842 |      -0.03739890527935715 |
|   15 |      0.027243003059078202 |       0.03457447490225912 |
|   16 |     -0.033603152617958786 |      -0.03075205062557591 |
l = 32
|    k |         a_k (cos)         |         b_k (sin)         |
|:----:|:-------------------------:|:-------------------------:|
|    0 |        0.6429794141093066 |                         0 |
|    1 |      -0.33762823413399373 |        0.8645005668437259 |
|    2 |      -0.09337216227006251 |       -0.2638487753135632 |
|    3 |      -0.04582462139593936 |        0.2336621685489682 |
|    4 |      -0.04196160583497892 |      -0.14636140376578063 |
|    5 |      -0.00959560222044116 |       0.13262445100980896 |
|    6 |     -0.028693696676451524 |      -0.10048224411403281 |
|    7 |      0.001904238941002969 |       0.09228474343031344 |
|    8 |     -0.023380028859308784 |      -0.07605552942052463 |
|    9 |      0.006977398829486149 |       0.07055056682887877 |
|   10 |     -0.020739812599993575 |      -0.06087363623054558 |
|   11 |       0.00964986734728434 |       0.05690081838794933 |
|   12 |      -0.01924376037475202 |      -0.05050080980052588 |
|   13 |      0.011225719384188738 |       0.04748611095608047 |
|   14 |     -0.018316936565337994 |      -0.04294190769879952 |
|   15 |      0.012230790265113728 |       0.04056661510291405 |
|   16 |      -0.01770436709091986 |      -0.03716857975324191 |
|   17 |      0.012910009405395342 |      0.035241071854870645 |
|   18 |      -0.01727911846881978 |     -0.032597647399235846 |
|   19 |       0.01338987402560788 |      0.030995667651255922 |
|   20 |       -0.0169723236454381 |     -0.028874016691615517 |
|   21 |      0.013741015857418801 |        0.0275158539911039 |
|   22 |     -0.016744040306093978 |     -0.025769209846278576 |
|   23 |      0.014005361837357384 |      0.024598158486845288 |
|   24 |     -0.016569831509218622 |      -0.02312958018613872 |
|   25 |      0.014209058983425121 |      0.022105039122060015 |
|   26 |     -0.016434078230548772 |     -0.020847990794141902 |
|   27 |      0.014369090427072961 |      0.019940109990136443 |
|   28 |     -0.016326426617200417 |     -0.018847433649922307 |
|   29 |      0.014496869730946016 |       0.01803376025663247 |
|   30 |      -0.01623979797141777 |      -0.01707110575308295 |
|   31 |      0.014600292804907787 |      0.016334409384129438 |
|   32 |      -0.01616922324058858 |     -0.015476157685692974 |
Extended Function:
|            x            |       y (l = 16)        |
|:-----------------------:|:-----------------------:|
|           0.0           |    0.055286987620564    |
|   0.06346651825433926   |   0.08428357595982608   |
|   0.12693303650867852   |   0.1174116035560579    |
|   0.1903995547630178    |   0.15433324184354547   |
|   0.25386607301735703   |   0.1945999214252699    |
|   0.3173325912716963    |   0.23766947066649274   |
|   0.3807991095260356    |   0.2829273601793341    |
|   0.4442656277803748    |   0.32971102220656073   |
|   0.5077321460347141    |   0.37733605843377577   |
|   0.5711986642890533    |   0.42512305778824333   |
|   0.6346651825433925    |   0.4724237222790355    |
|   0.6981317007977318    |   0.5186450449901584    |
|   0.7615982190520711    |   0.5632703971256285    |
|   0.8250647373064104    |   0.6058765539421969    |
|   0.8885312555607496    |   0.6461459125503346    |
|   0.9519977738150889    |   0.6838734152015341    |
|   1.0154642920694281    |   0.7189679750650467    |
|   1.0789308103237674    |   0.7514484917162626    |
|   1.1423973285781066    |    0.781434824453841    |
|   1.2058638468324459    |   0.8091343476635647    |
|    1.269330365086785    |   0.8348249298585423    |
|   1.3327968833411243    |   0.8588353452149428    |
|   1.3962634015954636    |   0.8815242348622893    |
|   1.4597299198498028    |   0.9032587798158102    |
|   1.5231964381041423    |    0.924394226913391    |
|   1.5866629563584815    |   0.9452553258503029    |
|   1.6501294746128208    |   0.9661205953627747    |
|    1.71359599286716     |   0.9872101489336618    |
|   1.7770625111214993    |   1.0086775868038962    |
|   1.8405290293758385    |    1.030606215158325    |
|   1.9039955476301778    |   1.0530095997373565    |
|    1.967462065884517    |   1.0758362145916063    |
|   2.0309285841388562    |   1.0989777213195373    |
|   2.0943951023931957    |    1.122280222453158    |
|   2.1578616206475347    |   1.1455576849865978    |
|    2.221328138901874    |    1.168606633866755    |
|    2.284794657156213    |   1.1912211748702102    |
|   2.3482611754105527    |   1.2132074225642537    |
|   2.4117276936648917    |   1.2343964794964717    |
|    2.475194211919231    |    1.254655231714122    |
|    2.53866073017357     |   1.2738943847561606    |
|   2.6021272484279097    |   1.2920733527630184    |
|   2.6655937666822487    |   1.3092018191754395    |
|    2.729060284936588    |   1.3253379977605764    |
|    2.792526803190927    |   1.3405838245773585    |
|   2.8559933214452666    |   1.3550774929678695    |
|   2.9194598396996057    |    1.368983894271141    |
|    2.982926357953945    |   1.3824836383785277    |
|   3.0463928762082846    |   1.3957613947683563    |
|   3.1098593944626236    |   1.4089943134501897    |
|    3.173325912716963    |   1.4223412564967515    |
|    3.236792430971302    |   1.4359334976468434    |
|   3.3002589492256416    |   1.4498674355903352    |
|   3.3637254674799806    |   1.4641997240040623    |
|    3.42719198573432     |   1.4789450578961354    |
|    3.490658503988659    |   1.4940766820865985    |
|   3.5541250222429985    |   1.5095295148107235    |
|   3.6175915404973376    |   1.5252056182369154    |
|    3.681058058751677    |    1.540981607892201    |
|    3.744524577006016    |   1.5567174827348584    |
|   3.8079910952603555    |   1.5722662829851868    |
|   3.8714576135146945    |   1.5874839474987268    |
|    3.934924131769034    |   1.6022387475438087    |
|    3.998390650023373    |   1.6164197178495259    |
|   4.0618571682777125    |   1.6299435848226747    |
|   4.1253236865320515    |    1.642759799882504    |
|    4.188790204786391    |   1.6548534152453742    |
|    4.25225672304073     |   1.6662456813816617    |
|   4.3157232412950695    |   1.6769923903925879    |
|   4.3791897595494085    |   1.6871801284126466    |
|    4.442656277803748    |   1.6969207241982707    |
|    4.506122796058087    |    1.706344282885509    |
|    4.569589314312426    |   1.7155912677138176    |
|   4.6330558325667655    |   1.7248041345294605    |
|    4.696522350821105    |   1.7341190324881497    |
|    4.759988869075444    |   1.7436580601836942    |
|    4.823455387329783    |   1.7535225121709268    |
|    4.886921905584122    |    1.763787471143869    |
|    4.950388423838462    |   1.7744980020167818    |
|    5.013854942092801    |   1.7856670930548613    |
|    5.07732146034714     |    1.79727537379584     |
|    5.14078797860148     |    1.809272527604272    |
|    5.204254496855819    |   1.8215802156191032    |
|    5.267721015110158    |    1.834096244925654    |
|    5.331187533364497    |   1.8466996519570804    |
|    5.394654051618837    |   1.8592563356772993    |
|    5.458120569873176    |   1.8716248654263739    |
|    5.521587088127515    |   1.8836621049213385    |
|    5.585053606381854    |   1.8952283344783336    |
|    5.648520124636194    |    1.906191614119957    |
|    5.711986642890533    |   1.9164312056220032    |
|    5.775453161144872    |   1.9258399556085715    |
|    5.838919679399211    |   1.9343256279569696    |
|    5.902386197653551    |    1.94181125549844     |
|    5.96585271590789     |   1.9482346522815297    |
|    6.029319234162229    |   1.9535472834211394    |
|    6.092785752416569    |   1.9577127259952187    |
|    6.156252270670908    |   1.9607049693239589    |
|    6.219718788925247    |   1.9625067957109512    |
|    6.283185307179586    |   1.9631084544859678    |

|            x            |       y (l = 32)        |
|:-----------------------:|:-----------------------:|
|           0.0           |  0.029608941466971805   |
|   0.06346651825433926   |   0.06346181219340492   |
|   0.12693303650867852   |   0.10595156150397805   |
|   0.1903995547630178    |   0.15527386342552274   |
|   0.25386607301735703   |   0.20900382122958516   |
|   0.3173325912716963    |   0.2644602584920258    |
|   0.3807991095260356    |   0.3190987461910815    |
|   0.4442656277803748    |   0.3708616135754026    |
|   0.5077321460347141    |   0.4184234078880402    |
|   0.5711986642890533    |   0.4612926001686276    |
|   0.6346651825433925    |   0.4997598852610278    |
|   0.6981317007977318    |   0.5347138524058282    |
|   0.7615982190520711    |   0.5673697265476164    |
|   0.8250647373064104    |   0.5989712692395666    |
|   0.8885312555607496    |   0.6305271690476212    |
|   0.9519977738150889    |   0.6626316566217658    |
|   1.0154642920694281    |   0.6953977300042111    |
|   1.0789308103237674    |   0.7285053518800373    |
|   1.1423973285781066    |   0.7613421682130114    |
|   1.2058638468324459    |    0.793196049796477    |
|    1.269330365086785    |   0.8234507197044709    |
|   1.3327968833411243    |   0.8517390895397778    |
|   1.3962634015954636    |   0.8780222549204478    |
|   1.4597299198498028    |   0.9025817842148038    |
|   1.5231964381041423    |   0.9259341029953262    |
|   1.5866629563584815    |   0.9486934737352251    |
|   1.6501294746128208    |   0.9714204011059177    |
|    1.71359599286716     |   0.9944932780392123    |
|   1.7770625111214993    |   1.0180330337605483    |
|   1.8405290293758385    |   1.0418958680680024    |
|   1.9039955476301778    |   1.0657317140089027    |
|    1.967462065884517    |   1.0890901847104033    |
|   2.0309285841388562    |   1.1115451658317994    |
|   2.0943951023931957    |    1.132806199691146    |
|   2.1578616206475347    |   1.1527897244344776    |
|    2.221328138901874    |   1.1716345021712113    |
|    2.284794657156213    |   1.1896601452772146    |
|   2.3482611754105527    |   1.2072818125558713    |
|   2.4117276936648917    |   1.2249044404618674    |
|    2.475194211919231    |    1.242823935106095    |
|    2.53866073017357     |   1.2611598399146724    |
|   2.6021272484279097    |   1.2798351161049448    |
|   2.6655937666822487    |   1.2986062629723207    |
|    2.729060284936588    |   1.3171342750274304    |
|    2.792526803190927    |    1.335077054932612    |
|   2.8559933214452666    |   1.3521792250979574    |
|   2.9194598396996057    |   1.3683367839244978    |
|    2.982926357953945    |   1.3836211449802645    |
|   3.0463928762082846    |    1.398257820525588    |
|   3.1098593944626236    |    1.412566568752047    |
|    3.173325912716963    |   1.4268793039881147    |
|    3.236792430971302    |    1.441457168198439    |
|   3.3002589492256416    |   1.4564277408793127    |
|   3.3637254674799806    |   1.4717576943767086    |
|    3.42719198573432     |   1.4872668550657395    |
|    3.490658503988659    |   1.5026790511088925    |
|   3.5541250222429985    |    1.517695995393562    |
|   3.6175915404973376    |   1.5320750115247468    |
|    3.681058058751677    |    1.545690921894605    |
|    3.744524577006016    |   1.5585668706815883    |
|   3.8079910952603555    |   1.5708670097208068    |
|   3.8714576135146945    |   1.5828537006433565    |
|    3.934924131769034    |   1.5948207165523773    |
|    3.998390650023373    |   1.6070196821261564    |
|   4.0618571682777125    |   1.6195983148503466    |
|   4.1253236865320515    |   1.6325657007810914    |
|    4.188790204786391    |   1.6457927952189617    |
|    4.25225672304073     |   1.6590474178781123    |
|   4.3157232412950695    |   1.6720544671388105    |
|   4.3791897595494085    |   1.6845660111873704    |
|    4.442656277803748    |   1.6964237614461453    |
|    4.506122796058087    |   1.7075986301595583    |
|    4.569589314312426    |   1.7181979738412305    |
|   4.6330558325667655    |   1.7284391922824802    |
|    4.696522350821105    |     1.738596567234      |
|    4.759988869075444    |   1.7489345871360775    |
|    4.823455387329783    |   1.7596440259249593    |
|    4.886921905584122    |   1.7707960916637542    |
|    4.950388423838462    |    1.782325379819686    |
|    5.013854942092801    |   1.7940453603128685    |
|    5.07732146034714     |   1.8056924351851888    |
|    5.14078797860148     |   1.8169880569885692    |
|    5.204254496855819    |   1.8277044794441668    |
|    5.267721015110158    |   1.8377192173892463    |
|    5.331187533364497    |    1.847046177504821    |
|    5.394654051618837    |   1.8558368567596184    |
|    5.458120569873176    |   1.8643516244569174    |
|    5.521587088127515    |   1.8729073580524813    |
|    5.585053606381854    |   1.8818122417934908    |
|    5.648520124636194    |    1.891300510240984    |
|    5.711986642890533    |   1.9014791331814516    |
|    5.775453161144872    |   1.9122953430126657    |
|    5.838919679399211    |   1.9235294180702638    |
|    5.902386197653551    |   1.9348123703873596    |
|    5.96585271590789     |   1.9456641634114824    |
|    6.029319234162229    |   1.9555454926697833    |
|    6.092785752416569    |   1.9639152363557728    |
|    6.156252270670908    |    1.970286221201894    |
|    6.219718788925247    |   1.9742734437319784    |
|    6.283185307179586    |   1.9756307249499274    |
Max Error:
l = 16: 1.5101998109634254 -> 0.055286987620564
l = 32: 1.4993972349505724 -> 0.029608941466971805