x : [ 0.  1.  2.  3.  4.  5.  6.  7.  8.  9. 10. 11. 12. 13. 14. 15. 16. 17.
 18. 19. 20.]
tanh(x) : [0.         0.76159416 0.96402758 0.99505475 0.9993293  0.9999092
 0.99998771 0.99999834 0.99999977 0.99999997 1.         1.
 1.         1.         1.         1.         1.         1.
 1.         1.         1.        ]
dtanhx/dx : [1.00000000e+00 4.19974342e-01 7.06508249e-02 9.86603717e-03
 1.34095068e-03 1.81583231e-04 2.45765474e-05 3.32610934e-06
 4.50140598e-07 6.09199171e-08 8.24461446e-09 1.11578724e-09
 1.51005382e-10 2.04363561e-11 2.76576004e-12 3.74304919e-13
 5.06566622e-14 6.85563373e-15 9.27809132e-16 1.25565312e-16
 1.69934170e-17]
p(x) : [0.         0.76159416 0.96402758 0.99505475 0.9993293  0.9999092
 0.99998771 0.99999834 0.99999977 0.99999997 1.         1.
 1.         1.         1.         1.         1.         1.
 1.         1.         1.        ]
Errors : [0. 0. 0. 0. 0. 0. 0. 0. 0. 0. 0. 0. 0. 0. 0. 0. 0. 0. 0. 0. 0.]