A = [[5310  357 4534 ... 7218 5065 9157]
 [4638 2807 2976 ... 3806 7793 7700]
 [7306 2361 7304 ... 3831 2678 6102]
 ...
 [6043 4650 1483 ... 6001 5098 1746]
 [1580 9623 2917 ... 8614 3716 6628]
 [4722 1869 7053 ... 2927 8729 3112]]
L = [[ 1.          0.          0.         ...  0.          0.
   0.        ]
 [ 0.87344633  1.          0.         ...  0.          0.
   0.        ]
 [ 1.37589454  0.74936714  1.         ...  0.          0.
   0.        ]
 ...
 [ 1.13804143  1.70076699 -1.11077363 ...  1.          0.
   0.        ]
 [ 0.29755179  3.81406364  2.95122438 ... -1.65119303  1.
   0.        ]
 [ 0.88926554  0.62181182  2.01475672 ... -0.12837185  2.25371881
   1.        ]]
U = [[  5310.            357.           4534.         ...   7218.
    5065.           9157.        ]
 [     0.           2495.17966102   -984.20564972 ...  -2498.53559322
    3368.99435028   -298.1480226 ]
 [     0.              0.           1803.22553618 ...  -4227.88630462
   -6815.51950352  -6273.64395863]
 ...
 [     0.              0.              0.         ... -69591.38324064
   28512.2952984   24944.41711182]
 [     0.              0.              0.         ...      0.
  -12170.6494507  -27519.19401215]
 [     0.              0.              0.         ...      0.
       0.          35418.36891726]]
Errors:
[[ 0.00000000e+00  0.00000000e+00  0.00000000e+00 ...  0.00000000e+00
   0.00000000e+00  0.00000000e+00]
 [ 0.00000000e+00  0.00000000e+00  0.00000000e+00 ...  0.00000000e+00
   0.00000000e+00  0.00000000e+00]
 [ 0.00000000e+00  0.00000000e+00  0.00000000e+00 ...  0.00000000e+00
   0.00000000e+00  0.00000000e+00]
 ...
 [-9.09494702e-13  9.09494702e-13  0.00000000e+00 ...  0.00000000e+00
   0.00000000e+00  0.00000000e+00]
 [ 0.00000000e+00 -1.81898940e-12 -4.54747351e-13 ...  5.45696821e-12
   0.00000000e+00  0.00000000e+00]
 [ 0.00000000e+00  0.00000000e+00  0.00000000e+00 ... -9.09494702e-13
  -1.81898940e-12  3.63797881e-12]]