A = [[ 9  0  0  0  0]
 [24  5  0  0  0]
 [ 5 14  1  0  0]
 [13 20 12  8  0]
 [15 12 18 20 14]]
A^(-1) = [[ 0.11111111  0.          0.          0.          0.        ]
 [-0.53333333  0.2         0.          0.          0.        ]
 [ 6.91111111 -2.8         1.          0.          0.        ]
 [-9.21388889  3.7        -1.5         0.125       0.        ]
 [ 4.61507937 -1.85714286  0.85714286 -0.17857143  0.07142857]]
Errors:
[[ 0.00000000e+00  0.00000000e+00  0.00000000e+00  0.00000000e+00
   0.00000000e+00]
 [-1.11022302e-16  0.00000000e+00  0.00000000e+00  0.00000000e+00
   0.00000000e+00]
 [-8.88178420e-16  4.44089210e-16  0.00000000e+00  0.00000000e+00
   0.00000000e+00]
 [ 0.00000000e+00 -3.55271368e-15  0.00000000e+00  0.00000000e+00
   0.00000000e+00]
 [ 3.55271368e-15  4.44089210e-16 -6.66133815e-16 -5.55111512e-17
   0.00000000e+00]]