A = [[22  6 14  5  4]
 [ 5 11 10 15 18]
 [ 8  2 12  8  1]
 [22 17 19 12 10]
 [ 1 11 17  0 23]]
P_1 = [[1. 0. 0. 0. 0.]
 [0. 1. 0. 0. 0.]
 [0. 0. 1. 0. 0.]
 [0. 0. 0. 1. 0.]
 [0. 0. 0. 0. 1.]]
L_1 = [[1.         0.         0.         0.         0.        ]
 [0.22727273 1.         0.         0.         0.        ]
 [0.36363636 0.         1.         0.         0.        ]
 [1.         0.         0.         1.         0.        ]
 [0.04545455 0.         0.         0.         1.        ]]
P_2 = [[1. 0. 0. 0. 0.]
 [0. 0. 0. 1. 0.]
 [0. 0. 1. 0. 0.]
 [0. 1. 0. 0. 0.]
 [0. 0. 0. 0. 1.]]
L_2 = [[ 1.          0.          0.          0.          0.        ]
 [ 0.          1.          0.          0.          0.        ]
 [ 0.         -0.01652893  1.          0.          0.        ]
 [ 0.          0.87603306  0.          1.          0.        ]
 [ 0.          0.97520661  0.          0.          1.        ]]
P_3 = [[1. 0. 0. 0. 0.]
 [0. 1. 0. 0. 0.]
 [0. 0. 0. 0. 1.]
 [0. 0. 0. 1. 0.]
 [0. 0. 1. 0. 0.]]
L_3 = [[1.         0.         0.         0.         0.        ]
 [0.         1.         0.         0.         0.        ]
 [0.         0.         1.         0.         0.        ]
 [0.         0.         0.21223022 1.         0.        ]
 [0.         0.         0.60863309 0.         1.        ]]
P_4 = [[1. 0. 0. 0. 0.]
 [0. 1. 0. 0. 0.]
 [0. 0. 1. 0. 0.]
 [0. 0. 0. 0. 1.]
 [0. 0. 0. 1. 0.]]
L_4 = [[1.         0.         0.         0.         0.        ]
 [0.         1.         0.         0.         0.        ]
 [0.         0.         1.         0.         0.        ]
 [0.         0.         0.         1.         0.        ]
 [0.         0.         0.         0.87137423 1.        ]]
U = [[ 22.           6.          14.           5.           4.        ]
 [  0.          11.           5.           7.           6.        ]
 [  0.           0.          11.48760331  -7.05371901  16.96694215]
 [  0.           0.           0.          10.59064748 -10.68201439]
 [  0.           0.           0.           0.          17.54184498]]