--------- Example 1 ----------
A = [[11  2 14  7 18]
 [13  4 16 22 10]
 [19 14 11  8 21]
 [18  9 20  7 24]
 [11 14  5 24  5]]
b = [[2]
 [2]
 [4]
 [1]
 [1]]
u = [[ 19.          14.          11.           8.          21.        ]
 [  0.          -6.10526316   7.63157895   2.36842105   5.84210526]
 [  0.           0.           6.          21.65517241  -1.51724138]
 [  0.           0.           0.         -17.57183908   1.10057471]
 [  0.           0.           0.           0.          -8.76713001]]
b_new = [[ 4.        ]
 [-0.31578947]
 [-1.62068966]
 [-1.42097701]
 [-0.76672118]]
x = [[ 0.79250527]
 [-0.53063737]
 [-0.55963328]
 [ 0.08634422]
 [ 0.08745407]]
Errors: 
[[ 8.88178420e-16]
 [-4.44089210e-16]
 [-4.44089210e-16]
 [ 1.11022302e-15]
 [ 1.77635684e-15]]
--------- Example 2 ----------
A = [[17 19 22  5  5]
 [10 18 16 21 21]
 [10  1 13 21  6]
 [10  4  2  7 11]
 [ 9 15 12 10 16]]
b = [[2]
 [4]
 [1]
 [3]
 [2]]
u = [[ 1.70000000e+01  1.90000000e+01  2.20000000e+01  5.00000000e+00
   5.00000000e+00]
 [ 0.00000000e+00 -1.01764706e+01  5.88235294e-02  1.80588235e+01
   3.05882353e+00]
 [ 0.00000000e+00  0.00000000e+00 -1.09826590e+01 -8.67630058e+00
   5.90173410e+00]
 [ 0.00000000e+00 -8.88178420e-16 -4.44089210e-16  2.77200000e+01
   2.17747368e+01]
 [ 0.00000000e+00  0.00000000e+00  0.00000000e+00  0.00000000e+00
   2.61616162e+00]]
b_new = [[ 2.        ]
 [-0.17647059]
 [ 1.94797688]
 [ 3.25473684]
 [-0.93434343]]
x = [[ 0.30612245]
 [ 0.6122449 ]
 [-0.68367347]
 [ 0.39795918]
 [-0.35714286]]
Errors: 
[[-1.77635684e-15]
 [-1.77635684e-15]
 [-1.55431223e-15]
 [-1.77635684e-15]
 [-8.88178420e-16]]
--------- Example 3 ----------
A = [[ 3 19 21  6  6]
 [21  7  3  3  7]
 [13 11  1 11 22]
 [ 0 19 17 16  9]
 [ 9 20 23 23 19]]
b = [[1]
 [3]
 [3]
 [1]
 [3]]
u = [[21.          7.          3.          3.          7.        ]
 [ 0.         19.         17.         16.          9.        ]
 [ 0.          0.         -6.82205514  3.52882206 14.50877193]
 [ 0.          0.          0.         10.7626745  21.77920647]
 [ 0.          0.          0.          0.         20.69623839]]
b_new = [[3.        ]
 [1.        ]
 [0.79197995]
 [1.57457752]
 [1.20705898]]
x = [[ 0.12248708]
 [-0.01900656]
 [ 0.022574  ]
 [ 0.02827894]
 [ 0.05832263]]
Errors: 
[[ 2.22044605e-16]
 [ 0.00000000e+00]
 [ 0.00000000e+00]
 [-1.11022302e-16]
 [ 0.00000000e+00]]
--------- Example 4 ----------
A = [[15  8  9  9 15]
 [21 23  5 20 10]
 [ 6 15 13  9 16]
 [ 9 15 24 17  4]
 [23 15  0 16  5]]
b = [[0]
 [1]
 [4]
 [2]
 [2]]
u = [[ 23.          15.           0.          16.           5.        ]
 [  0.          11.08695652  13.           4.82608696  14.69565217]
 [  0.           0.          13.29411765   6.76470588 -10.05882353]
 [  0.           0.           0.          -6.3020649   22.49321534]
 [  0.           0.           0.           0.           4.15053361]]
b_new = [[ 2.        ]
 [ 3.47826087]
 [-1.64705882]
 [ 0.62890855]
 [-4.04334394]]
x = [[ 1.45820552]
 [ 2.03739625]
 [ 0.95906261]
 [-3.57679989]
 [-0.97417449]]
Errors: 
[[ 1.44328993e-15]
 [-2.22044605e-16]
 [ 1.77635684e-15]
 [ 4.88498131e-15]
 [-3.55271368e-15]]